70590
18095
43356
32702
89754
56754
31046
578
66698
45155
73390
63704
78014
75568
27470
29788
11590
16694
11992
26773
16313
55113
95072
20686
1210
651
13755
65195
36309
46406
17775
98074
47202
43721
19719
73689
2643
43449
93642
37095
64546
77716
29941
5284
7541
94796
18890
69453
6236
14654
60742
46285
31076
52786
74475
96516
20022
88432
97939
25746
423029848
895480730
692082621
867203644
45718306
744836797
872820326
888545133
467289156
752502411
474404819
753356850
182393063
802415045
304861714
514495235
228235555
152751996
502778453
521245228
844541416
842800110
472794730
912734960
292139339
227096389
489493218
37678719
733177228
412270653
334909242
204054956
262954244
495817807
715355487
734612929
462038900
861740776
503426923
490437011