543714
85172
178195
583148
417605
270514
505588
398614
831732
597908
127413
985475
906309
245296
990117
404085
438733
629020
94315
159437
71224
714666
140850
515233
54800
729901
834781
25304
354059
692386
718787
909501
71078
187488
974565
395182
523374
796357
583505
395753
972170
571766
442076
160626
145748
260921
583547
24180
149137
264822
728852
668841
829757
470960
45079
238507
777660
254462
121121
918258
262373
908042
849418
766023
671665
441201
789434
897425
374141
287178
608097
263441
266325
333516
307034
709417
980215
94195
838926
482275
73718
126352
788130
263651
620453
561322
170093
139048
776778
65199
382577
774268
247695
307783
488211
541191
657543
821927
124189
812803
931468
987002
13734
519543
318854
889872
449615
112546
740624
443448
782109
961694
485262
654919
578313
534762
826809
847521
735847
985783
927985
815613
311551
315139
294583
823163
598942
643147
550715
515897
374250
384113
403342
320104
511373
415032
682182
869638
768916
559603
654453
295735
541576
590783
749361
477619
316301
907127
831718
824715
500126
303468
103092
793916
806150
87888
476616
396942
926180
994863
42191
942973
685312
269559
494380
179215
188871
562891
147902
925742
973034
144144
674452
491605
674417
514939
797015
790711
589389
138051
173917
70540
159506
444008
331969
160799
19912
573936
381433
845990
803967
422597
967356
444898
395733
254624
615842
851809
125815
279879
623229
161649
971456
379117
454142
539995
740146
762243
681407
515741
793802
214411
703649
452624
863312
241701
287382
583417
702842
924846
83840
373725
914191
322387
916883
241115
545716
350711
505476
791011
237781
87110
834020
799428
807651
211072
955501
917337
955074
849941
777420
687084
780925
813470
411614
455565
66368
124589
978117
225927
153612
346892
29182
554793
426385
201846
282200
566795
86363
727860
190103
745429
427870
662948
47850
387704
921493
128240
79171
669179
498356
168301
405451
972821
543377
198972
971646
735357
359529
357000
875025
959631
803904
878831
194253
898608
119983
801707
963434
26477
601012
384870
156306
666458
38553
396441
577666
367528
114117
114498
46822
629490
757316
192483
739709
747979
42895
551853
726754
587005
958451
640293
758034
347996
737990
237057
382708
666521
449655
35894
492223
115801
165698
95429
303259
827315
769181
79899
605715
572901
386979
18341
321602
41970
448140
939906
243263
865453
616285
785079
363769
815965
636637
537812
690972
942235
624239
106736
586425
524541
765002
957884
560199
938946
367942
351054
260364
372457
818600
796914
952190
706030
941555
689142
500235
991890
988133
34683
270674
116211
289837
741737
31658
58094
247813
987246
860040
302995
490405
223333
295097
67407
6830
539165
12733
806188
65282
96069
837378
714136
479327
561078
410679
610822
455687
896993
773124
901116
99483
607665
837036
383051
848012
661864
233950
606104
879266
96243
218207
822346
485531
314795
56407
466315
696024
476915
955860
53609
286250
689208
840398
724683
216027
315349
215414
492196
882561
200108
932752
762856
922876
796043
498641
853366
266914
473838
87788
932004
378956
26189
916601
241887
969775
704494
855815
483962
257264
538522
458214
39553
369956
632525
241388
566682
909861
165670
359304
303189
844428
381396
979893
151527
270756
721046
150541
968045
687650
499896
478080
846139
339217
914593
641190
595306
419994
19748
730976
403441
344399
59866
67604
460670
750952
229007
350226
356365
351808
584731
598711
145027
307903
879523
375956
602185
50210
130444
615105
843269
165471
354245
567689
627236
591252
379750
437276
637486
219047
289574
683670
3082
9543
909413
480143
436332
897459
261883
609055
267364
410054
19617
449777
69562
8359
970809
536426
872499
710542
903222
182714
737165
855551
668912
822600
710943
164818
357325
477613
12045
393327
326903
126675
121362
546695
693388
453535
70996
353660
248012
892666
558841
446680
433461
416742
960174
642401
914407
553058
460655
447155
412917
593339
398406
993432
574494
167529
436976
230706
507607
104456
336995
682350
813992
205626
43571
763302
774011
679242
689775
118184
154104
482563
49448
637959
551762
195269
736732
364528
693166
252346
658942
49265
223766
903628
500423
743531
320919
629369
469145
132756
790692
503857
75519
777300
672958
775609
457481
2053
151654
149686
41234
161358
9266
285994
614712
956287
867821
283332
991459
951787
991505
129062
669600
857496
745761
264511
255390
154691
38409
754674
550201
160380
443028
770860
524231
972211
805561
64554
268767
41087
508417
16965
353696
475293
214007
447842
646273
67568
912596
961315
293770
935724
387211
182392
762594
227085
228791
99149
206104
551679
275349
177902
397724
339261
921568
193389
580180
246219
66656
569324
877877
974415
41716
356023
394819
245494
290058
29853
793591
576819
314697
617408
839662
330224
455471
263455
193088
343762
81492
146164
465714
904710
404934
271532
985399
414666
803072
271932
278105
3135
158660
268738
245938
591466
803954
591196
423791
216684
242171
779238
454878
71374
886195
39841
424249
966192
306413
280838
2901
817321
336548
353089
245238
56515
437404
863393
915243
712433
768569
189950
955868
307708
539926
865722
254493
489119
770403
987792
978996
956554
215199
870916
479204
167408
667503
855129
64360
725550
251181
650884
554584
66580
654630
670749
358828
954636
203362
475324
484956
283606
994368
799439
324567
700557
191203
560561
74575
492703
30469
311815
868758
568937
851620
477066
125983
328575
216572
654652
64415
319043
431985
974283
869335
710604
637431
544746
635372
884211
770507
487266
197586
486591
781972
78285
345744
52655
850179
563760
389984
47532
491789
129616
811437
149429
754941
584911
410867
811161
834243
117238
377934
69022
65641
20607
467307
954823
855717
231745
513609
615947
657889
875426
856127
502185
830436
855960
583284
73653
213862
44340
440331
848471
289423
551214
27283
26083
436714
81146
334539
26393
566267
351589
731732
152364
122396
116355
257281
901795
449023
792448
219907
853735
403223
90741
260242
126271
230232
959637
846868
616960
907002
885844
11519
231258
549960
423945
240644
64528
240436
431516
654884
916327
767239
313924
564012
687351
154192
84133
150947
515934
209032
422507
922345
874876
57550
596848
62925
392365
543100
267336
516457
950368
782534
299261
597041
661343
458993
654888
433358
719832
541261
937666
689782
580711
559403
328238
212541
626018
465961
986386
604869
375567
794867
749898
625055
185085
944230
122123
561346
919085
791350
43940
792070
42003
155073
362462
888082
171990
885925
435847
8208
982549
729566
36460
82733
52075
126040
467859
932994
892613
343971
691590
912365
856886
232036
352418
909014
606078
18646
142350
582339
596530
154246
64779
531715
793928
168337
205898
82978
333874
177359
343323
318997
756963
352815
195044
696907
238542
73860
146204
10102
681042
554560
763558
506349
441541
105909
116908
344796
126047
954524
841824
29646
877240
317980
128148
724068
14443
290767
535092
462325
507030
798114
448572
951736
827632
566373
45151
689322
877201
788310
972588
236848
980352
999013
952858
139897
928961
376295
479039
951989
855678
434019
882755
485151
609981
452483
115146
895721
960419
505373
116452
670315
33013
267660
651472
806656
175991
237462
895392
752433
667028
419356
171134
572610
117321
349092
151639
160592
884813
439329
593955
989976
501826
990511
380904
388268
915226
519172
655590
628639
101991
284541
443776
76488
233739
407254
374496
146546
783347
636308
628441
813602
551089
865736
90040
880040
330166
37895
641870
388101
875446
238783
819513
87211
74432
66651
632765
227039
104924
295196
350457
248080
220531
103024
887901
762353
240685
297368
873733
964461
307964
490783
955293
236236
162647
517676
945484
692768
808306
582873
346188
263120
198125
805612
559567
477632
700172
377295
790430
497695
767235
238712
27518
658417
266881
626239
873970
25254
851784
711247
138581
962070
132755
797117
529335
936179
550834
500653
144999
112248
492456
654761
437868
686326
305106
477182
121498
438861
392269
282678
958861
89734
518494
927888
671966
772221
388298
702401
790172
973032
541931
290526
612500
204597
224778
113855
543476
863438
152599
758680
68822
961823
471321
375266
671425
928354
254389
117155
158880
447127
598197
720714
433383
707625
713247
343964
755939
291852
590866
547439
612624
374521
817620
533055
134839
491220
617442
902362
886355
55931
130343
488527
58632
890417
68655
10824
593453
574505
920436
624650
333851
272772
521870
515902
80829
345312
230147
480359
127733
386111
705322
146728
156740
776667
267045
858871
934687
865251
784705
466644
835726
13430
618952
756168
124835
887533
130828
212159
258109
691345
246949
114158
821385
468455
742820
354327
998725
134812
978050
33868
912144
687867
144047
753476
690066
312260
71615
665619
554425
62083
98054
402675
989762
681534
497453
967316
498355
953833
237153
777299
650711
942451
72164
922870
560141
808327
513224
988407
321505
89441
766529
739744
542290
890902
912756
821651
474724
811570
880943
827038
65564
734166
733059
58941
538475
950194
589246
700520
299805
212554
740485
45548
851336
178092
782046
825067
559176
469363
262408
772192
