674338
126316
874366
928673
378212
976947
437983
260006
263725
903724
186867
897750
71629
537551
713468
469574
160654
505274
3525
995790
747881
694376
417653
100414
937330
251732
913455
991061
604999
675767
803044
825309
961154
789309
87545
152557
466364
572023
875821
325710
77188
999633
653558
6766
51452
689167
116866
845838
588954
529283
637663
798947
165122
20841
781119
913115
892751
196208
528154
307221
144050
866803
60416
744319
447003
23925
811076
163790
775473
65727
446764
436049
642012
132573
88090
588029
58919
709691
438167
33852
196047
835396
960509
897501
819269
14578
894572
516586
431906
460054
277203
387418
30235
232096
761381
910835
888316
82079
558036
633823
254800
107099
920830
950944
932197
573794
526049
781314
476264
411278
329583
853073
665777
66071
433141
54966
58201
954344
298683
419835
604918
576268
357459
409305
338710
471826
436641
650845
316387
515841
387778
452191
784493
910649
461748
476942
315137
959396
239073
550451
206361
116624
984139
516371
654370
524735
825711
228440
658772
70705
203023
312538
872970
271474
477438
319030
173450
966459
656150
622070
472492
634341
237020
302948
309293
159906
687513
85564
943547
318273
506022
388658
375585
977146
575141
466015
852885
470860
640023
320450
25664
56050
944974
168109
293382
817719
416690
708366
934086
625374
527636
859332
674017
780705
922913
606698
262286
994258
221042
322346
279554
858745
26780
786966
613332
958691
569885
175562
782687
359884
453143
329907
613151
263792
750157
98203
384048
246760
627109
612379
894480
541099
829660
29604
667923
559079
166103
681891
528636
284180
918122
654535
679810
496075
208770
788993
221150
448012
528998
62826
75905
615380
790518
980506
51490
244773
508422
630303
221464
65398
574712
559521
919990
448304
418312
159852
908563
86079
398040
31515
75006
95121
417879
994693
769154
962188
296605
444628
772948
807804
966421
217789
731598
852716
232512
73810
333202
326369
351016
61467
372653
93000
999689
937923
48153
120391
190605
780939
141691
117932
733218
110221
116955
940872
49553
694332
582694
820802
55240
865255
261828
860980
487324
935894
131798
774696
53646
439971
727743
689273
354815
780541
520856
300557
267065
51845
501467
208576
942137
997553
576793
287384
342200
289296
546228
68559
641125
298623
443582
72110
789138
454835
964995
516013
441522
407099
4155
50296
647262
990948
860407
618544
239279
998219
919270
90742
782007
743250
489421
810444
536763
673171
715234
107464
605005
819519
512904
175146
120607
733440
600688
771146
961142
571414
965461
524916
339655
912055
111523
987390
918361
596903
225776
648371
168977
80729
69849
949234
261493
946346
226726
933303
102166
391344
14868
241707
361544
867577
615553
701463
549284
547202
632731
278563
949536
15743
31351
35480
638138
941675
239039
564507
428900
262757
264749
848533
470905
104455
59131
406780
659462
262243
650648
528115
669187
80276
121767
419193
960421
370696
972536
869512
260591
410952
825337
636092
683509
339500
634068
141851
207424
483556
888077
308652
674334
365441
818571
157656
115882
727150
375946
788025
64530
499739
817935
374995
359485
745519
357036
537925
769445
583455
487812
993982
305658
146040
703292
322262
511067
900438
798858
301045
703795
723890
996720
702318
702191
553978
560936
968166
136449
624811
258724
638494
406805
732546
553722
62365
511701
389724
736192
955725
733545
201133
794817
439795
700446
418439
303532
332026
813268
949549
651828
567246
508561
340077
701139
572301
790874
753438
774902
228414
255228
821203
279403
298991
242517
629428
879774
214527
547272
404689
288822
495881
959658
211324
510336
551162
865512
657130
364049
842553
205765
668895
586705
548616
551643
618613
335349
320633
243263
784690
243020
451115
254753
960758
787675
187519
293509
433382
809108
984407
999391
693793
969704
54195
78001
933390
721669
150024
334731
957157
777006
53394
363298
94412
840805
3706
234259
969935
726772
659151
651261
595219
443517
206440
113818
740160
406243
869860
52316
264933
842390
101942
128402
593529
399781
484283
64024
309104
680934
963034
514432
656408
720396
944297
563198
657310
700408
384455
903481
475802
373218
433094
903764
483470
356159
191350
83829
54831
463914
201403
742648
2463
917245
349114
66071
136634
327078
959850
649513
828965
485242
600780
278226
444729
692725
807922
757921
559924
559276
622302
730165
692153
278764
623579
144313
48648
604492
389712
110910
713806
213773
246557
667323
943062
455087
535703
210115
224914
847585
769590
915028
86325
715167
632812
982437
460368
499357
176068
736922
209133
906837
734691
751245
585923
933788
744696
807538
359499
348791
486553
862162
656883
837977
459351
210965
251185
533821
900308
928767
723684
342960
915258
614906
777697
311811
901582
663405
54312
884000
246023
386264
523030
531226
139005
952920
71433
525432
489266
715655
360368
388640
789305
482405
643586
866915
301000
494446
977563
135194
501098
734076
837226
713802
434666
72869
40512
811213
321187
721229
966403
424596
889473
333072
48786
554237
186154
839181
61584
990566
858996
140271
615280
368664
476748
857584
962496
673978
846378
929451
138256
928686
976679
300210
167260
426570
641651
552350
283071
73904
103054
377886
718121
604709
142151
913027
591174
347829
846582
570845
475368
381648
228457
465666
718130
486326
434113
60179
470607
172590
127901
426242
61977
341538
76511
648833
623310
687712
955412
331032
431453
426544
372253
734619
131575
788487
881037
886349
94501
933584
192962
880347
13586
528448
383695
78089
526488
968209
915296
860960
712736
13090
642702
983842
82301
536704
822005
201682
414801
807258
723078
967620
535158
588125
293474
347886
23704
585973
381343
4769
432471
537698
729313
605891
281585
819688
568922
922308
288716
386898
177922
110796
696245
880598
866690
779568
81426
294950
909150
93131
867336
497951
846431
729355
154053
942682
837229
817474
43394
326330
94061
613353
968989
2504
889201
794222
447936
939959
671441
729109
586206
1160
86944
882934
67275
619060
488417
491425
749885
138993
974503
860522
771139
416056
385779
557657
3984
92441
765597
979576
450957
264383
309803
850531
672969
210162
321093
906859
203851
916447
586509
586569
270122
525328
757871
355846
181100
611337
989004
278942
115456
883134
747458
355303
835223
533711
747339
735967
337172
362487
26370
113372
840545
434434
375831
229249
878626
61100
263251
72458
877764
283653
133729
109148
292815
648382
956759
578131
612390
864846
558423
914689
728446
549388
280442
692768
140416
682482
402820
701859
730554
828798
851562
921457
360610
445153
377286
108420
77259
39028
691288
963511
91462
607526
623343
465789
563414
610133
751708
70381
671716
884278
797072
980586
368772
769550
351146
589861
293828
724660
295207
713834
39296
798763
566581
238322
537772
148923
460348
101243
155024
489596
743405
156396
799891
972217
306263
752472
631217
700770
129766
696330
669756
418439
821721
222813
801303
336057
80778
192919
974328
242390
851887
34861
529931
325462
662639
765480
237996
738140
477778
291568
952196
729370
93202
213008
454240
200539
578408
375053
767749
522591
230324
772299
448693
862062
666055
805589
8381
341100
987665
556402
557037
793858
635812
927720
440553
635436
256118
942362
587440
9617
530190
784801
934811
988713
917456
368417
742929
104016
563365
224564
688694
624622
766707
348807
838761
532880
13827
165467
999406
732149
319091
679834
510261
695086
678527
612909
997093
100799
468086
350421
956220
667323
641550
820229
381582
22322
702104
717215
241451
168390
505860
491882
978072
573674
797200
256362
960350
397933
74326
83190
242191
923903
604470
508720
265738
5642
46872
768779
606503
276191
116886
780698
649608
264991
539424
824432
952891
655453
255956
345917
880410
502645
477234
586562
689937
741304
261880
747270
21056
286807
121085
335821
270633
63159
888271
44039
97706
904433
28839
321204
317654
696277
378308
994662
77060
757451
60253
912250
817504
805262
818960
933736
386096
293223
202172
191130
226200
574191
267199
529217
317362
833532
865547
895763
761007
301475
163422
926428
70528
279397
794221
999664
366321
932069
43422
224116
462459
437441
407422
278632
244275
865835
94909
172598
938031
659734
545101
872716
757979
750936
85008
191028
750797
365395
549911
905148
494129
907595
846617
628866
63295
800408
760943
706016
297160
743597
369714
638186
164474
828592
880578
540403
13519
805489
221104
22664
163874
905510
636145
695938
204904
571757
366703
649028
394495
680230
653916
928870
24879
965256
923380
816735
53763
119371
813192
802665
475883
296554
200145
760664
482552
694052
115395
846038
752196
128452
626815
989887
962330
597033
698903
935870
391926
723818
849386
93668
3651
984732
944531
524133
553238
394126
952334
482175
411168
667416
100015
895209
359249
120692
91370
130278
867812
136889
366066
801708
580234
628819
92484
249119
153343
159860
935161
538808
216984
6728
967787
425508
356157
972358
896414
267763
438189
330658
337698
570221
846898
127564
576103
20385
694905
582105
659313
370263
625899
624915
182585
418888
101431
922299
670228
30288
229404
748764
433791
845726
304354
