353580
518333
441293
195445
270920
645282
81282
27031
560874
423850
794755
874578
377381
172289
295446
269050
444354
361433
645233
300918
357843
283721
656649
56230
485144
899955
988434
100727
682046
898869
929208
647762
58062
445331
598106
290734
431115
829859
854446
562739
886375
552220
212754
647768
244041
199597
637588
476225
887432
201610
701808
944690
293188
412543
190296
179488
846265
40967
645278
406799
737880
642731
385661
340995
403094
891467
825573
222496
850097
304163
122421
633406
754287
38922
7400
974780
546796
27400
342031
594095
831082
940797
275531
492004
937242
133149
927038
265215
258895
555845
836248
676074
834094
247496
312141
620974
587445
576863
566290
671505
424088
662560
134394
39344
272805
580575
120320
250711
563200
7247
616884
648713
636583
513311
370759
452519
980306
253811
270009
384614
175177
970371
269276
316890
597457
192164
759596
434558
521039
588683
392189
987719
290931
667309
839817
844643
260810
18446
353853
381891
351140
466364
748400
127430
190834
196525
211189
30773
642050
894108
965596
130889
203747
452850
7943
271019
911105
483744
930975
441386
414864
93821
899164
720094
353237
626171
842543
309183
608502
245044
869359
273282
220754
1579
715239
759602
729437
686032
197805
113810
900560
293036
399583
23650
51935
887942
7834
891296
94408
688241
814254
925182
140915
692659
848413
147821
97584
346623
62212
630021
700822
280666
130031
639702
334006
274472
840359
104335
445692
221269
612542
378714
393217
950527
978624
30501
202567
462220
260186
52805
940729
286319
992508
441162
934222
595821
416797
587773
511886
430321
849389
404151
238783
519373
799610
291377
124585
923985
66762
898529
505654
747201
752327
401446
271301
888956
512160
804720
964961
801315
835499
99587
601938
230530
778100
248904
160741
408936
157389
609261
660393
580612
617995
718786
813616
913095
223960
702009
836844
36849
896200
791009
382708
737746
43550
872884
865005
213032
934228
958617
286389
972162
217026
890745
854709
573491
419284
736763
3604
59729
257588
857122
191390
941632
226361
568959
416073
449864
319534
985065
999848
61494
430020
172385
602820
224519
712381
173131
483834
679694
101808
433246
319008
794492
920292
529106
709200
673202
699366
790997
124878
467274
966211
337733
337311
624878
664863
813752
662805
410321
570072
639687
965292
323731
938104
273963
764251
479252
155901
565382
608456
277882
230034
501053
587932
483641
206773
371547
300275
447121
446154
224278
13177
550659
59967
451259
808996
142667
276393
393201
406611
368115
677927
254017
763615
421886
487500
938237
9412
550988
459866
548513
841896
281443
490778
344620
857041
931310
812580
769684
349579
305315
840773
791927
999856
839936
200049
444591
354465
245232
264004
157832
685597
199979
516254
529831
896187
859656
30277
344602
425927
96609
927142
736413
832508
600646
934518
489171
104749
10172
400235
489210
196395
9794
381504
999424
307603
406829
813955
881912
382799
204194
671190
519574
658159
80145
603687
27014
983155
711665
258015
459818
165910
665971
150747
153217
852335
103099
926390
703201
594231
896273
537821
555456
202674
448451
146777
640592
874093
971754
198387
766147
550940
987499
81833
867037
413509
325767
364542
696311
111981
562467
899571
890320
193462
393795
110245
633042
875806
496627
196704
969332
128979
52847
70634
853829
459149
317535
26497
300917
916766
187062
914970
337551
556189
975898
539484
341107
334941
576058
374308
419626
424093
512520
419352
757968
707480
242004
822924
857409
666793
179619
315470
552638
140543
199055
693680
796333
809488
968906
552542
111893
121472
902078
297883
424582
947926
738579
450377
507052
880139
826694
66550
397237
794889
747983
223358
405898
948024
120963
671859
536664
893162
300566
439003
773741
472438
873518
92402
175831
404108
578049
79877
821025
571127
783601
663337
573219
5369
480580
137682
773080
680717
876838
267623
592528
378
272344
254477
193487
95172
678162
419951
540175
618552
242963
512461
394276
263968
507588
423440
105422
15695
461009
518015
978384
370981
197630
119322
609912
832907
276195
549719
609178
670963
103105
200872
85840
472721
383987
429168
502713
464415
890052
810545
446266
923648
7322
122984
31251
680588
110496
133773
108667
804362
731349
290216
889060
745186
271917
465337
116064
883366
34710
540776
240989
688971
654264
17402
346636
521510
59649
967213
51526
13442
297258
280564
118992
95449
45735
213902
648032
236968
305757
996321
884365
372975
382110
539065
881413
659404
157265
482516
478042
385548
612330
477033
277187
376990
208415
174458
202330
310217
439457
852724
42982
656686
200205
297187
741356
273972
79578
562442
455056
812437
89696
288876
67797
742268
94750
158361
16464
132937
515484
707832
81465
639471
154874
704615
655339
412340
58753
757052
680239
363871
291306
18027
95356
424170
608407
609680
988379
449064
613496
607615
354210
210994
474949
447329
470162
189075
573047
379867
163761
449701
623565
805217
714979
788650
162693
177542
807755
3219
718898
303949
882419
988013
134045
285460
325975
685497
339845
416559
495970
334942
313231
857832
559152
638954
783498
517999
238483
342057
396730
57916
28477
459603
307958
545712
672182
100809
428701
819419
672511
820505
364928
995352
213740
698521
844917
641503
663063
95710
52516
118649
841030
990847
732040
104361
947518
853675
21078
507631
524265
107546
181705
575020
945156
905751
973099
752728
401450
163809
870369
418257
336250
691134
478119
854448
517685
871404
277186
261039
769996
339758
216941
711248
201109
641845
805589
555767
308648
366732
184974
213032
770830
480202
395928
994575
126090
677936
495149
805422
152802
868476
586665
363875
712894
11848
30872
668886
333262
589573
946548
701911
455369
862152
759495
538730
659413
850177
809847
40406
825115
764286
678037
575030
571282
236469
218683
414092
657094
281667
71268
801039
240625
781737
415225
772060
135171
258197
308298
933768
609844
155655
849502
177606
354928
219719
336833
626446
664314
842742
732881
197757
978160
435804
882540
643777
309079
545065
928500
749553
359442
196267
654728
286070
909100
111913
560110
72087
200543
574825
755069
720300
793003
391882
291577
462215
765722
204707
95853
236690
300142
380815
185567
943250
756664
79346
111801
578709
831388
216639
611052
484725
287463
893559
970296
308755
932567
407855
674881
811317
575172
240336
101876
899853
74762
157524
656492
768213
603693
288210
240796
522100
967082
8121
788908
552775
555236
819954
18266
951836
323689
992970
305172
228604
967971
91755
201315
239718
686033
402181
522124
567071
834536
580210
848634
11292
518076
716080
287840
960349
568738
767881
454027
755157
50477
554157
865415
168896
838555
861939
787379
778514
525942
538489
146804
876187
220315
633474
398905
151077
18853
312112
344329
151459
633823
284123
151495
944444
957822
546852
673017
215599
327629
278485
976627
357374
363965
373370
292857
987141
299856
474511
362103
332441
477343
695799
311671
90709
80807
963952
504160
646315
204087
949185
338439
493165
125860
849313
903648
498641
937051
31545
248823
666228
745249
544779
523231
381567
566313
933516
950538
669282
712757
673815
785962
267905
262555
264008
693555
280811
214469
558081
954075
240262
884001
396198
215476
178555
562284
126853
811410
260376
171801
521671
831067
717611
123099
432254
126183
815807
858109
191759
578239
116688
742689
603218
440389
238755
943087
418062
789250
30186
678637
672928
893889
441147
656693
348295
32460
622143
690220
263149
987792
446071
30255
84291
286906
232379
257683
562680
130604
449290
961255
313368
669781
14565
455853
428666
282725
512296
160648
599621
120410
394105
64543
952088
433807
791596
710322
891096
8722
647666
103511
441776
554295
876951
7933
887022
547580
999589
26176
1969
812910
663819
822926
862515
540094
10948
570561
222372
226213
829048
750513
458659
22664
356127
251369
530223
897733
683796
622558
596721
78470
978185
833114
188929
189823
139786
164853
767993
158465
185665
76685
904886
666387
388660
487553
320701
549744
620361
427471
315618
817670
190679
459459
717487
817049
537294
931874
110985
259824
359162
574904
332538
397160
969231
606424
331875
32836
24854
535226
593362
450887
794147
235596
183035
643722
284201
115242
753765
146137
891899
583638
289159
668162
800672
265847
599637
635049
539986
703817
829186
666170
570245
302713
291233
54218
703269
535911
910017
460819
711904
192477
61129
261307
161058
633974
930896
314377
375741
29060
448435
979969
999536
882253
765968
337799
765030
486734
151377
255089
837907
925516
133751
16463
15098
320920
618152
569582
567638
225502
770182
475135
792948
765152
621747
129878
367244
477460
962106
286002
555724
519550
432913
722048
278687
170235
517459
901474
621126
386888
210775
17356
952386
48293
832291
12185
154650
619000
820564
65079
973431
262861
267093
657171
671520
494207
752918
657568
486108
241041
130754
294879
940337
559435
508776
672093
561359
262101
574340
780118
500561
202188
33541
109556
428109
787149
638546
486281
178083
518571
836440
771575
190879
344224
934759
237201
124233
948856
73594
44527
93438
719293
512774
692340
314552
305611
