673525
606646
270316
907195
5705
489629
593435
81379
222734
881813
84708
789777
615428
117069
885752
754958
757759
934735
508175
391616
771874
104034
780655
343191
351384
939649
322717
954535
693426
38375
201481
547426
159480
500751
785260
72409
173890
444102
1512
551224
315400
800245
925674
473321
240809
753532
216553
232773
939383
961483
407071
947749
669072
945827
727400
278891
524987
795856
46646
776926
113272
228568
192119
672237
34912
176709
603521
25698
98847
743682
375491
168912
773208
294375
932998
573213
638245
306457
786533
735538
47217
337300
18824
717490
286091
521010
461603
402760
697979
693963
771570
622984
753167
796741
372410
719248
321712
882187
98355
364615
4735875
9033868
6074587
6264375
1882408
8636406
3514284
3141743
1352692
515641
9030447
8005198
4302481
8805790
3830421
9072219
2536596
1697806
5796793
2582692
3134226
3123547
279316
9536534
7064320
4087391
8803110
6126312
133624
6795280
5865187
9415034
1235351
6470382
1766928
3437868
8972094
7692556
1831645
1493211
8405639
7783451
3593384
8890230
8967629
6454659
9874131
1625488
7093904
9165965
3205635
706040
2975568
2078175
2766628
9079227
685187
3943363
5073328
730162
6397109
7324123
8460622
6133297
1205493
6161474
3563101
1466438
2612144
7480493
3016715
3833875
1765514
744553
3237826
7140665
1660823
2563788
4760433
4472826
6244286
5042734
4139753
9926512
8233528
8012459
1058548
7850509
316452
8110693
7427852
7839387
8511320
9121698
1693668
4117892
3931252
2874045
2309725
3132565
789181
2075739
4410783
1499819
7285768
8705862
1064270
1406220
4648664
3674200
6516662
283301
9609705
2778659
9733541
826246
1124742
893601
3796472
5321384
1653922
6004246
1945475
3140896
7427636
7963372
7755472
8287234
1565477
5758544
7525618
3913997
7516427
8409719
5416127
923914
2419987
7617160
6627188
1672431
1063446
2694630
2390512
8560476
7820262
2999821
2693942
6801923
4053496
9910341
3643800
2268247
5944803
8189962
1075285
6090532
3413937
2242679
4081755
5934876
1583911
5514
5122371
418516
6071153
4592358
5479047
8921540
4539896
48132
9671635
4881900
4801019
3611500
848224
9227346
1273931
6185567
9822136
9673170
4865660
9565337
6517083
4181843
8439288
6866370
6939869
9221451
3777524
5813791
5377678
2003895
4503331
7772398
1072488
5580052
4355739
6848278
6340439
546498
5223620
7722079
6738953
9833669
6274895
5236235
4881174
7251569
2168890
1367538
4886149
1239120
9888661
5069430
3818807
9858755
242487
5859258
6171504
758668
6273031
7925595
1824050
5244121
845007
4323021
2294230
1616652
6848049
2921095
9791245
8887636
3990310
5129965
923754
3296468
5028335
8286526
3090182
4535493
591957
6992071
9307314
9104377
6497810
1227526
695139
3693235
5942335
6713766
2816882
7248638
765804
4444641
1182666
6997201
3017553
4790533
9720990
9141211
7331947
3375838
5132834
7661165
1501486
717186
3602234
4474180
5547828
4209405
8008522
8127908
9685843
4265049
2978827
1611868
6186585
1264015
6959754
4764234
9672343
7402972
6149872
3455630
4433421
3914890
9188188
464394
8996104
1467743
291353
2078428
2471193
9333067
7290842
8460362
9475292
7838397
7652578
7891144