26226
64273
344034
438637
398950
11550
974615
657048
826450
213074
558567
522661
575640
988769
204758
674088
367557
641798
796242
62883
896794
643764
64407
274351
537166
507678
910604
557555
450704
638915
502392
464479
105844
631311
402021
151320
848913
654036
166377
281414
225844
436696
306994
990216
645543
373179
90465
411007
505389
129288
454178
507772
484839
357423
263378
585312
172068
324300
637308
983290
788943
229900
671186
129056
446736
595640
582032
160503
573192
788179
380117
540682
822786
17374
923638
530766
170286
777399
442155
519823
654685
992224
317237
915266
882750
317696
171695
483627
656244
459797
613640
438461
53008
177712
804682
754999
275449
890036
632325
208174
8931598
521443
7005177
533438
1935852
5489618
8839655
4752086
3519831
5539689
660179
7048020
1608216
2886649
8789973
5632930
6778843
6403274
3740869
2118835
1368997
6878067
8578262
2016238
535559
6599484
2889961
158451
6263519
4428357
7455895
4759207
5633942
6765475
6619971
1435257
7357418
4925930
8271266
9193471
4244467
1563213
3760941
3481829
5920861
2147316
7476854
8135276
2036926
271141
297867
8918402
9400793
8927276
5382738
3492850
5186009
6798054
4160370
5398782
3530918
7169680
9084010
228608
2135298
4204577
610488
6989319
1277370
719504
9515175
4309797
2629155
1348328
234837
5757403
3606502
53289
9379714
5182962
9550815
2550904
8810103
3745790
498276
7524479
7583214
1500661
2783610
9319193
1412920
6546515
5759396
2175741
9557366
9304223
5843534
7210188
1307217
7057958
3647871
2435792
4187299
5133647
7465127
9313707
1277672
7603461
9689869
4139476
1509411
8471410
2809242
2897564
4473063
4276066
6216749
4698138
8445598
5318749
8937186
3886937
7507739
4929295
3742850
5613559
4389799
788845
3661469
4608674
1315752
9676028
441509
8526036
8315674
7503657
7299070
5620621
5152414
9530058
4948681
1963644
7758013
1109699
962687
9795676
5341354
4150740
769976
1830161
5849214
6822513
5282937
1906345
9576701
5014673
3800888
4782584
2064941
4087260
420623
5215302
6252030
9596921
824281
9187541
2455300
6897518
9866604
3584876
6243189
37750
6979311
3207867
426692
7357274
3963007
2010335
9796827
1006746
6929763
1500255
2079391
9821211
483108
9607790
9051868
7932449
646129
7985790
4425774
2709749
5655071
6901019
4084079
8458985
8441824
1498541
9951091
4696348
2645436
2899257
3038825
9793153
6987844
7174107
2066596
940921
7512047
7398019
4366540
3581990
2057866
2032532
2402364
4548986
8886537
3408702
5646020
14871
5645983
9688306
4113173
2776936
1920040
4593639
6386181
2733702
8523747
8626483
4846587
3667957
9986473
5699543
7919472
7456729
9091396
9300097
9709620
7277542
8071746
6940497
3518250
1083847
851444
8983385
8755908
2814386
3361599
9195073
6284375
4834199
9658710
5088529
8463826
545993
11938
6001165
7217747
7239066
8094082
4084888
9476346
427341
394025
1472274
6260656
6855267
8075492
1569258
1480481
5426440
9596671
4978678
3712787
8410039
270283
4604290
1115668
1039377
1562666
1051609
8787563
9811633
8638610
9064984
745213
6353858
7692975
6170864
1564557
3706761
9978399
4230189
8564345
2817983
2277988
2661307
1909363
131659