101137
771910
132900
186567
43968
844511
494214
51310
286629
9764
379808
668124
723158
138695
959350
994509
882698
106479
243989
581988
409767
579436
261642
471020
813477
631641
469977
907980
695757
773160
705122
810541
911141
135286
978801
73954
763010
963908
190783
102199
426482
206572
908122
990618
494039
861503
459518
463372
810056
582562
994316
803361
463712
33413
140033
121750
365667
640059
976747
656024
909573
441724
287597
487162
835556
328382
938591
960009
684268
119040
279087
55878
422327
250844
715025
918570
373609
332276
521483
499234
303535
517249
248867
83639
535925
475820
931462
203776
888532
340222
399958
372937
356262
70163
379064
834376
889885
828130
834942
569981