432414
903133
843633
711004
643841
828959
750478
639486
214946
757966
978548
865239
416719
446591
320374
910283
564620
163862
318818
972877
967843
715587
43042
97498
255451
762871
560501
927953
98473
147609
735674
941233
149049
348076
43212
329545
491362
772043
909919
583847
471258
855173
715107
124821
962367
298392
772527
803030
507354
457043
248293
94990
648501
621497
604735
832387
633608
880530
169614
363830
411929
611294
549491
424236
439807
82884
214306
371031
268335
109866
118239
599474
465259
127300
622385
205305
848232
123529
248771
997062
381019
954084
156487
190097
250856
8458
550490
765157
351898
151273
670120
12131
548635
573135
468808
987284
860793
804377
146770
650779
8446092
6182799
9662045
2693831
5810241
1633356
8243993
8293567
9301495
9878358
607950
9905931
3914610
7168487
4218941
6312834
4227289
2521996
9907284
6995927
5316862
2636479
7380950
9054689
6843720
4910614
2659263
7671464
3589168
8249438
5251571
756123
2361591
8581842
1311744
9205322
4877049
1018572
5849813
4968775
8514135
7198792
3094150
1699614
9023681
3050711
8756274
2080602
7038861
1055252
1666842
2918327
5812735
293277
2310125
7780625
1614873
1598470
2881529
8050194
385542
804052
6635111
97847
6374238
313331
3808350
7349159
5871450
3598216
7154277
4755481
524052
6289748
9964422
9924991
5879961
9949415
6396071
1783907
5553696
7483450
5354282
4918550
1100743
5439735
3464856
9744092
7283320
8376871
9403734
1217426
506943
2879379
2398410
6359847
5974726
9658866
5214172
8692183
7942918
3604574
6571843
175805
7244003
4539844
7196595
5333176
2298134
8149911
5926556
1580894
12794
9819354
9023284
4994783
1832622
9511982
6346078
7586026
7371936
3164465
3474502
7831670
6405721
8402710
1316371
147853
2110453
462759
9848235
8694833
1080124
3027886
7894578
6112355
8905908
9480444
8230945
2449506
4108934
7414595
5779507
3660686
2792221
1909567
57167
9443980
7101598
2781441
8007966
9074340
4273447
4741979
854537
9837926
6545407
2137983
8838397
7902953
2996630
7670826
3648496
2061182
6562623
7290125
3759946
3034934
7136884
6673485
837547
7346225
8780065
496911
7886843
8565008
4946704
7085709
4068045
2956367
7566710
2179030
5819102
8333496
5771554
8533171
8376426
3460118
2728307
7111309
6627126
6391046
4756137
8275922
1131943
8938762
9983165
8646251
1800709
8508924
2879564
5292047
6462518
9806131
709938
3273489
4523037
5379697
7400461
1003392
6784515
6098709
9203186
5782471
5695810
5637898
3695172
7424945
6420998
7617604
6424620
2609438
4393846
2433286
5644974
8983433
6006725
9489986
4694392
9535583
5038818
1208744
9394782
4894042
1192789
7626006
6688118
1011574
7431095
9533501
7343498
2727422
1550474
8190114
6636742
5241694
9234768
9620370
5749807
2050980
6420950
2978852
5043640
7312285
792007
6000856
3976159
1543835
9355305
2914143
2511976
842050
3513378
4584115
4976381
6244732
7922421
5864337
2117431
1193247
4142471
9498669
4557293
9140386
4774040
3766693
6040326
6406360
5421442
9132141
4604180
43510
7345454
6365045
4054402
1790290
8204837
9864306
7758441
3554183
4233028
7737629
398046
4626931
1672789
6928752
3829579
2790914
5385695
4608606