554810
882354
637167
832911
269208
290124
868128
782638
148332
288756
803879
309644
208834
710108
752383
402303
285485
547683
653892
99132
898513
438148
966887
836000
712546
802719
476407
975710
29125
652457
335468
391799
979623
303619
931601
878450
739190
223391
523888
250282
291238
924296
932140
981458
250982
306769
814811
17884
32338
653785
985657
803252
506895
994045
261323
254233
34482
318020
642645
628650
668052
93628
51576
438050
626165
763233
953948
5480
54513
668504
390858
227839
953469
71780
860601
329353
741531
552371
825531
206185
971195
903999
353760
410505
446869
953308
967586
769091
153926
965890
287681
354920
181621
831876
839637
456604
887151
601123
558496
143641
5513749
8376221
8296406
8263002
9363496
6983074
8929960
4275508
1133277
3277454
6402927
3331826
3908619
5522060
4381090
723954
3579140
956931
1687941
2380644
9167971
355618
2635448
8897687
302563
2628697
4226728
1432416
6823567
2080513
6118514
7763025
3401337
8319522
724145
4582465
9619017
7085103
5433497
9797638
215301
758973
7587253
7318128
5939137
8061355
5109946
6665682
9836483
6947775
387506
488675
2692508
8941195
1547064
8269531
7851038
7305002
5227307
1521316
4816715
5258784
2958697
1924193
4729222
8748416
6973704
9859638
2477486
5674467
9817493
4980853
9835106
9866572
3948183
7864538
2541050
1082268
7278490
1089213
9196706
9704572
3769486
4191457
7845260
6938497
1280575
6312889
9346113
6108208
5916639
9047512
6130560
4523282
7502726
9745481
6999670
6081122
7687322
9995246
3316963
6679373
3532566
9102726
5290291
5162178
9373429
2866190
3937461
9554424
706929
7531990
3936208
6569022
8582062
714491
674311
2601574
9030775
3332643
2750778
6678469
62241
7217053
1630130
9150164
7854245
1950564
4058267
7472568
398799
3616652
7894261
9978697
8767854
8557772
3135257
7966701
897293
9851927
3224674
2006110
246271
4195237
5935418
1110561
3748827
5273978
6755506
7255772
3995739
949823
4759128
1481191
9301147
4116048
7112157
5058751
5338562
2942524
4914439
8192916
3927441
1740961
5113540
3073415
9742957
4898323
8820600
4686056
5820881
1045411
7844435
3857245
6631543
2366509
4251939
7970590
7016771
7358741
5893178
5277507
2405047
6051493
74087
8998181
4111825
5480661
541507
862491
9422205
7065997
4692508
2530421
9698301
3362874
1806883
5891274
215219
5801202
1700762
7495805
8039315
7522630
2895764
1447311
6509572
3208946
9677126
3531192
8162897
4322291
9305827
1526862
8450221
5176221
8835669
4661320
3182706
7543055
9474030
6211450
8283906
951580
799369
5076340
6039635
6221395
1775431
7595550
5553804
3586679
5603307
171802
7271227
3651978
2407113
4650372
4560306
5239682
7838579
3129184
1697912
100771
1512904
2827583
7790069
5742949
5842396
5680789
4886143
452037
4782851
4266927
5317865
7737739
7646553
8915895
8213925
4703898
822822
4229264
8626656
4172594
2934997
7709586
985099
5659603
8972639
3258871
149722
7412673
8322576
7515979
934406
298748
3865222
5294026
8857946
951772
9270949
8281514
3180339
8159233
5166345
862795
1004366
4521781
7056640
2320604
7168671
4624843
990594
3113077
5697358
2807718
9847979
8791357
8894728
4714403