37319
92552
61459
22023
55167
85605
99879
71232
71628
92909
96206
93716
60134
43989
57367
81368
25277
2631
52095
87603
99896
59113
97470
91663
57667
74168
98176
10271
6933
13099
14179
69937
11949
79689
57331
28897
52900
54811
74307
95053
2382
86315
8351
7777
41692
25890
69806
97750
59002
8191
19623
81070
83764
22469
89571
89500
57678
57885
63807
31833
47240
46849
72628
22419
52901
71730
61676
11477
8327
11287
87839
68115
52690
62039
75885
69555
34689
82350
96185
5812
81922
54065
2374
97288
24121
82694
95109
84589
12265
8312
30981
82480
75176
89827
8592
88804
92842
43822
55998
95823
77896
85265
12618
29765
20889
38011
2261
17201
48896
4180
98664
41970
50281
5830
32662
31906
84502
33203
47715
97108
98800
36517
71045
75980
64742
21464
30862
51958
25942
18662
52040
47655
64862
88578
41581
95587
29695
3603
46867
64454
39871
74492
67099
59383
27357
79379
32978
45143
74107
88050
6383
67900
88793
94069
95683
74480
29999
66252
43317
48642
8587
99400
32494
88768
71809
20927
35970
83739
51487
98599
39067
45963
35349
39201
90063
91240
18532
17956
75878
65751
12006
93168
8802
85580
53277
22971
39300
18394
1087
96190
82249
96552
70235
96170
26740
43751
85872
32844
42854
96803
21197
65193
16766
61655
17993
92442
54827
36688
71793
33782
71787
32513
93759
16781
81337
30320
82552
14371
640
78457
20477
81588
5596
96501
2590
90117
75069
46424
40726
1965
31819
15945
15679
94881
61059
6273
40471
15241
88863
36109
88611
22090
59840
7184
95572
87126
30714
10133
15541
57454
81419
53392
62782
20630
55179
9679
74259
11200
96512
92242
66934
37881
5789
42412
32160
45683
89424
40288
21459
27210
29314
12806
38260
80974
95576
15005
6433
12873
82278
56276
60909
89246
70962
94232
5828
24599
83157
38630
67624
83031
22703
13195
20659
48181
99908
84281
92849
19821
31880
23582
73487
94956
46450
51766
56958
19892
85619
65995
48836
14614
39382
62138
78645
54282
16450
8153
82721
5700
47683
79031
67786
64856
90196
31332
18063
74725
17113
95711
40169
97750
65235
42070
58815
89182
16153
25134
53812
26257
96604
99346
54590
40194
35365
81508
72599
97179
38265
63095
36071
57826
27632
26810
15362
44063
29688
71010
71045
48388
81123
8302
40276
75445
14041
30294
73198
19978
80556
89090
31878
17542
35364
7633
57892
22902
92523
39063
19291
54155
81155
11490
67759
28141
66564
15162
64628
90502
52889
39904
83219
43864
17783
59810
99737
42440
88232
70337
67900
26846
32077
55623
62227
15789
45765
79849
68132
62664
87382
30185
33015
14205
9986
90013
15743
34719
35556
43315
58208
58034
53042
87843
11017
98763
40157
21169
32381
4281
90802
54487
52976
35400
34999
98948
96504
132
89414
86616
25864
23961
11176
82208
6087
44567
25067
38090
90673
51324
51794
2441
51027
66065
11153
8075
84123
22024
78375
11009
458
69558
49219
21902
29499
48216
78657
53187
36824
29044
11206
9783
30211
74106
23539
96266
53115
16860
57346
40062
80960
80978
23095
30197
18032
59580
93579
73763
75535
56350
2673
67951
91185
93340
66241
74449
71997
26011
56120
60077
81066
16109
4327
8570
62569
52421
99258
42124
98515
1269
83914
9731
44545
843
48627
35472
27034
16191
76004
91465
36665
30343
61541
43145
65296
28739
41870
76708
37583
49881
57174
85599
3060
41794
21681
93918
8451
26644
71437
60054
62844
53229
14452
39867
7285
99053
87489
78781
53983
32850
8949
20952
98106
22914
90720
54301
41183
56979
34532
50518
70616
44931
51700
68827
86313
54200
7454
40651
39315
89104
27590
17392
77806
48917
49265
89090
66377
34467
99018
96731
87642
27943
89188
24727
61918
85326
60332
31886
77865
12901
75142
12386
68616
76688
8052
4183
96969
26285
717
21023
47230
63110
360
15543
63887
41858
42630
83112
65422
93039
64808
92563
74527
2335
9169
22454
30019
49850
98403
55502
61192
64699
89240
25160
19008
99778
13054
61871
45251
47051
47081
15137
52400
76979
43533
33812
43593
74267
29629
32651
35673
26492
40412
78698
43927
9416
97561
90965
51991
69531
46814
93591
73358
69118
5377
74117
95139
35059
41536
73658
76204
59794
47229
26588
64348
6896
56855
48852
9447
35534
13009
1117
22108
58286
94852
56417
48242
95492
96212
80030
39926
59907
8862
86538
55965
75299
42807
5132
95993
50460
91260
20432
2065
3987
1683
86343
80231
25033
41905
75654
91643
78772
62702
71566
96642
67943
59131
58236
70810
78155
41132
77127
60113
16932
86006
69094
45460
52016
33549
89490
45477
55066
25377
12594
85703
66838
20856
89994
82321
95123
78437
11588
47158
12533
43003
57076
67878
50972
90871
91872
5483
41842
40473
65806
67678
38873
3345
10239
42881
19225
62683
60658
72943
70699
45858
40840
53482
25686
13981
39623
23362
69267
76265
92449
74346
99211
51479
60379
91035
7146
87139
74902
64751
23565
30134
11252
88490
22175
13188
77723
77739
29427
50272
93867
36744
23771
53988
92145
40579
19513
39525
15603
13430
34162
87536
40325
275
76957
91407
83485
30916
2718
67790
67540
24150
27734
73000
66775
5532
1914
66987
12686
31161
4173
36956
9416
60326
38458
8544
52741
12935
57763
5885
24574
55500
69106
24843
91898
52050
95539
29079
53813
4315
35227
28142
591
2024
4085
42306
86919
55053
56212
38908
17205
17881
42833
17297
71266
72218
1792
40596
93915
14434
10499
42336
6983
85600
64941
72289
901
4355
13005
286
74855
11760
85639
38038
96438
69109
22242
66466
44554
30300
50776
69330
41715
54625
95871
58914
10378
47928
23778
34799
68823
43117
69710
6032
40737
63061
28354
8072
40427
45545
7550
79419
65934
46026
29057
10402
44508
50855
57322
74665
60516
22956
82121
95902
58774
67799
83804
25278
73585
72451
42000
57336
14475
17859
46805
66406
74930
6699
26027
91624
80651
55759
56363
56927
74430
19683
3254
34899
78426
39288
18519
51832
47891
99954
58930
56611
25525
41562
28579
20199
82620
67901
99259
21064
63001
37560
88793
45414
84926
7391
12241
2913
98458
70100
26160
56903
59820
8306
23930
52001
4426
3759
78656
11663
33748
37887
20353
85656
80624
7035
39369
13129
14196
23790
32965
80096
54784
27939
25121
36630
37262
35623
81226
12914
54777
84476
66276
52034
79607
75281
11927
68462
16401
41765
80713
11710
15293
33848
86246
15527
25013
