276529
204587
890360
249049
41677
514848
214566
562691
813787
160555
201127
855786
468783
527324
697001
29822
997622
993171
854
785923
771344
650033
371441
349116
502778
381513
85138
411325
90419
941425
471831
507685
660067
800707
97887
929196
951413
296540
674646
474160
253254
435885
911799
656904
821732
793204
588785
69933
927631
671012
165165
707716
890165
644655
844700
151463
220177
786546
481009
974866
678015
570985
420067
342359
603916
435322
360884
571136
896024
44304
769856
522912
806561
495788
532499
813741
537966
679287
640265
993904
757575
411129
64305
825204
754619
301496
279152
599308
9417
417937
4748
94521
291596
947134
605014
950019
24971
405493
371459
808768
3516579
1618042
1674566
2877034
5988489
2365569
7809918
5861179
8798208
4603299
9284929
1034979
5992325
2679948
9799868
8258327
6611595
8760970
6047419
8356862
7435595
153786
5393804
7961602
2696942
1611701
8144617
2811953
7932698
9527052
3336389
5559275
1580620
2573156
786947
4186654
9604451
2868467
3563677
6675362
1100660
5473065
8436708
1819750
7731928
1576312
7471257
4081180
3081459
3462488
4470160
939605
6842699
9715542
1709917
8422042
6186402
29411
9651385
1780960
6688641
7967462
593739
216512
2598236
9281284
4387146
9748138
1899905
2679599
7401902
4207589
4078805
7985414
5330746
5308457
6816210
4114935
8174426
3862881
9665719
4279008
3606875
1731701
2788176
5927548
6837719
2151997
9207623
723818
3045040
322722
1009998
9834546
4031217
6885973
7020811
1736915
2073609
7373231
6112831
1142751
716158
5850708
5994131
3651338
1993578
3661852
2228599
8904869
4749981
8710202
3196056
691510
4840937
2589776
3081046
6643017
6113088
2712658
7452332
1627891
3661245
3035535
1595525
666568
7047908
4831211
8000956
3541422
1592006
8032607
8602336
3749875
4854983
8477700
2128429
1731445
8661828
959530
778793
1002653
1162367
7110249
3659363
386675
3313400
8758823
9251436
3741154
8831530
2940397
5395903
1507926
8324733
7880008
6609411
7251466
3139282
3712797
5383370
7923256
2323280
2630998
3385013
2784080
6948944
4334887
3153475
32239
4108209
4639857
4278200
3273607
111610
8612137
2474035
4729092
2649804
2939033
8054826
7570618
8852488
5552909
6095344
5496897
7272597
6382353
7915902
6676157
5491184
7666315
6151419
7797947
8352325
7072154
4546886
5596262
2439195
7781586
4023150
585179
9559226
8261319
4902310
2066476
9023265
9947331
411117
7136192
4770218
2413910
1929211
2317159
3682369
9881384
9982863
4359738
2407675
6414356
5002881
6296010
5283673
4253132
6217525
1546937
1529328
9175894
8973208
253909
2782434
8992775
130729
4606120
9118476
872479
3990766
6499818
9437726
3205000
4009565
3269884
1970468
2763178
2508105
7012076
1996833
8504378
7649416
6140806
9934499
4116043
8760915
4881667
1953364
6061170
3306105
5297543
1719639
3161566
9296329
3846310
4008583
8114435
9585509
8465706
8341273
2998921
3477704
1633032
4380940
5381211
6667150
9085636
1845255
5715400
2304837
6290612
8004578
4075702
2022153
65861
2393314
4512459
1993010
2874595
3116753
7352904
9240620
2417214
9369590
9099447
1671776
7335279
3734697
945497
6957357
7951077
1210616
7235446