775243
9441
620282
423708
37363
761003
303444
562741
501578
245023
603058
252911
701629
742173
304287
703039
461931
731991
866278
433239
489712
810276
739519
273704
665405
696896
982934
812417
756081
742042
436476
249680
658514
814736
688444
908461
374610
428976
373871
990195
85985
115485
192901
713179
974975
164219
450589
598061
592692
680879
290298
304036
665997
797005
25746
728858
976210
296815
449376
813527
454356
126094
859046
774722
947025
17771
213559
357952
691433
497173
563496
761553
262497
359407
409915
467534
190130
642576
82217
702670
634434
253129
180218
904731
909796
968089
254641
929081
16021
681598
746024
432844
275582
719436
295525
516484
518451
833694
404732
619175