51166
18863
26949
59641
91638
86186
12359
29627
50517
48722
44187
46272
42495
37858
30772
28640
62385
338
96005
65149
69838
57150
57177
81382
32325
93135
19611
76626
56526
22866
42937
61818
76860
19739
35288
79273
53990
38865
46831
23799
51423
75896
75717
79576
87208
16286
94449
6494
50231
19676
98497
26908
46295
26316
41492
63374
66610
41817
55753
44525
57986
97026
84636
71907
68540
86574
84410
52071
43779
55719
65607
53039
19750
16811
15834
21845
83817
91265
81047
46914
24889
41545
60113
89312
94738
41340
86455
79683
93807
22690
75729
65136
44329
65363
1416
47300
65139
93416
46947
1801
87555
99346
98973
7746
34227
8157
42592
714
46088
21540
6108
50087
90054
20647
38785
97437
42507
81604
71524
21424
3775
50084
79947
7594
72961
44686
56538
19738
3480
46631
75202
54714
5782
55389
56792
99270
94573
10423
70533
94223
15052
55546
49201
62007
71884
3894
54960
21668
31365
75395
54572
25868
63305
66755
30416
79485
43893
35448
22989
10356
41257
65262
50903
15478
47229
46049
15526
34890
59880
46439
89902
14611
66427
38826
98869
57566
62407
61556
14075
39514
81164
38213
78978
37091
13856
1984
47730
79957
72098
3922
15316
91740
54147
5975
10517
12839
39902
83330
37950
30438
7553
6489
52153
67461
83235
22815
89481
54316
89970
1825
57650
69595
30633
7705
37585
11475
14190
78227
39357
6633
50753
87387
24040
49203
39617
55038
70554
26954
57600
5930
64062
8405
56743
47005
91245
61047
19445
70317
15644
76146
45311
56113
62983
26578
2667
62581
45989
85428
68826
96583
64933
90875
14328
10308
87550
75261
96586
49569
16758
29741
691
8399
32839
43603
2186
59259
64036
26576
39354
20302
36229
48317
6908
29815
12960
71528
84196
58320
3885
99510
10854
28184
88492
22737
32054
75245
70602
78263
65068
71352
17522
87571
47963
38375
12692
68342
59003
90331
23512
77405
60336
99763
89998
99867
90636
49047
99372
4265
7021
96817
427
88705
82209
1096
89478
28403
11443
62960
32410
58497
98157
34662
75131
39741
70444
13604
22106
91092
88655
51165
46166
51244
35327
11045
61620
94359
52002
10913
31744
75746
64688
26435
5723
12219
17365
81706
46712
99804
21779
60664
47112
10198
44020
37583
40667
53373
44949
860
17593
93574
8711
30469
72838
28774
31611
63213
4743
14692
10680
59105
62659
89066
52335
29566
7880
25034
32281
19806
44345
88635
51214
72611
94401
74171
40812
12702
24284
9645
81718
42422
42950
47449
86496
38391
91946
61098
228
34507
4402
82512
26919
49663
79321
85789
85418
25825
9476
99359
91196
29436
55792
9545
82491
18486
39300
48853
64280
97308
90789
39608
86466
90106
27676
48973
45318
38925
33608
24896
91640
13382
60460
8590
20274
30392
22817
86251
55989
49797
74253
94669
75291
81791
95320
28865
85025
96678
48929
8957
86803
54087
80117
49726
90684
7782
44256
1438
94182
11837
37531
21142
61657
79136
23542
39148
56810
9755
94728
2980
5679
66097
31594
56147
2740
99112
37569
69213
14813
73921
15284
57507
5054
92246
1587
14269
81528
82845
87142
16890
85025
42796
72923
88405
40915
14585
55046
15513
27479
35692
96590
47636
24763
2929
57068
43973
31125
66887
50284
45163
96053
1174
22812
57566
21985
21075
21190
16734
85734
6006
71282
84727
46204
14529
6414
13641
99684
83739
86488
61693
43769
95650
96630
95489
50517
62892
34010
3499
78995
35620
2885
68364
76743
47199
33756
20530
56048
91555
13912
78443
48251
20549
93773
84288
62564
53163
76070
70425
30424
62415
3282
45074
13133
81909
67051
80247
65830
4204
70649
28389
66804
60000
89559
87034
39761
35906
99554
49816
72369
89980
85372
14648
32247
42831
27196
88118
41622
74051
80271
29505
75424
46283
95070
2527
48227
59802
81314
63619
95640
18092
89506
58755
15952
85912
4501
35524
63327
82722
39176
32101
52904
66529
77924
91396
50559
70265
2788
5675
17118
63863
33317
28622
68262
47988
63619
69475
51585
98533
36096
46793
98958
15646
4623
28232
90852
38937
40350
45457
19072
42675
49665
36481
51262
97597
40551
44302
81304
82301
13511
15124
37308
23158
92814
54078
78003
30827
79456
19709
66361
40644
27555
4854
40976
4231
819
75959
61636
90164
56769
10814
78443
32216
30661
98203
42799
1144
86225
4441
57308
57971
1812
18814
19102
80385
95323
49028
89951
98983
14572
86019
78473
61848
23495
77036
50653
2634
36840
56090
79685
65301
36806
95627
37619
7197
92881
52129
57469
59817
80273
63264
21879
66971
5200
43653
51061
32825
94624
87468
26684
25906
52926
77184
11992
74568
27670
55177
60544
87447
32560
80253
3277
15078
51403
89647
54399
27623
13492
32706
37486
33727
58735
18933
1003
58401
86892
17579
96603
26877
20056
63912
2627
67635
85920
98782
16655
5420
87108
19601
29616
24328
31228
52038
27157
18933
41304
54498
28284
51985
42720
42239
53052
12760
71645
42747
96902
81399
99268
31944
35755
80139
98398
82871
37366
5038
33151
32917
10099
84041
30813
43818
47657
55429
13352
16470
7537
89144
90904
14791
59906
56942
46047
19868
79744
97665
14872
57458
57859
25648
72725
10560
7958
58122
57020
99400
70206
1916
45757
28892
40524
92332
16163
21476
40856
618
96823
26584
47090
60416
75871
88320
75647
47239
14495
41729
32252
99593
33041
6573
74620
20351
17787
82282
1387
67995
37715
80906
31953
245
96381
84175
60524
21385
92099
40228
7276
38279
57896
30573
75797
3182
88782
9066
57431
41843
65751
60832
29357
10078
86278
48823
2776
3567
14570
55156
24679
18752
83876
16976
1929
34311
30748
47277
64640
62029
837
51954
98310
81963
84990
13436
15672
51414
71790
89959
53909
15418
40639
77035
11466
97293
73525
87972
18567
686
2427
31037
55192
1717
78758
53360
95673
47450
82656
16706
99283
37160
78518
21560
56603
98188
4788
72235
44881
39545
98133
77171
214
10169
3581
1537
92810
94816
63778
64423
86566
76766
33001
57006
34601
4127
13156
93593
91005
28128
43247
53789
71895
14121
74973
55890
20259
7928
92610
54775
25801
33840
33526
67464
56856
54709
22189
92218
57302
29275
63981
66344
48857
24058
95565
82141
48601
26357
29293
95170
74702
26260
60637
11773
22450
44354
75916
74242
15527
53386
85826
13727
58180
77770
67126
72551
90997
59026
64494
35720
19567
15188
2710
31529
47233
27573
46586
25111