399722
285479
997375
130997
818330
776232
633868
268107
513322
734888
211192
854007
578131
122273
734220
659610
536483
51224
283572
701687
372914
526296
978431
329287
288710
572983
454701
974988
531779
158903
130140
571329
297463
746003
92901
952893
901296
254172
721889
443227
440565
741240
905819
914902
162614
590855
233941
224931
604764
409298
922824
878666
880206
628849
507218
923160
624735
709307
930975
609479
780104
869790
66738
758630
72795
128305
666890
734800
664401
240872
568149
55948
412333
940890
881241
73282
975214
1678
263544
416307
692634
404225
555552
813746
532538
192161
553891
628966
729673
577484
316640
71446
748548
951211
746358
757127
594503
356286
266683
993605