228927
350874
263450
453776
919892
635419
591771
192136
960350
569408
321268
795214
110086
385484
862260
969429
20134
576069
350372
945305
22659
944050
11841
230649
924069
432649
930540
57289
139027
374275
368241
167388
114408
528190
455386
97081
388443
620076
541685
49566
579074
501264
433482
590237
373087
672501
794025
592378
386135
999259
562898
955633
405321
755664
722233
375397
54773
994309
214667
599931
648115
168753
341976
138223
716009
847818
913362
720380
404829
476257
718591
654848
659899
225243
538283
165037
490232
245751
961153
794155
994559
65871
982555
130642
147156
74441
292365
980805
476542
300521
994881
294452
290511
899630
453853
454870
894738
345075
711939
19325
6604643
8491040
9702029
1025023
8882515
3309784
318196
8223147
7281735
1656239
2014544
8180852
9427114
297608
1400866
7932104
1099676
933307
9716265
2470015
5454966
679987
9077452
8551793
2169731
8570812
8672351
993985
3819309
5234353
1562471
1633511
2927
8546240
2097847
3525567
6975099
3137669
8325697
4164258
7280600
3499977
3462797
6267788
516838
5141103
1871120
630248
9126900
6018082
7779940
5854477
6002735
9494199
8243737
431038
699239
1375835
526252
2608798
7631875
5633040
6709615
5857830
5471341
9460096
8416208
4738196
30683
2048728
6249201
183556
2377538
3700201
7195268
2395131
7720618
6081356
7184425
8320164
701260
3347627
1225826
4631165
2898618
3072155
5607325
4905564
6021373
9323610
7869826
2909703
7774828
6202687
5843397
358466
2240088
64400
5896813
3924520
2963405
7494607
7252043
9726434
1085453
1019880
3967534
6937687
1316739
8104218
5352507
3346937
2280235
6785110
9342756
7370952
3514363
1771720
5594645
1119558
6987061
6858573
644009
6845527
3125208
3115120
2368818
2904567
7959135
8812359
9174227
9143670
2676565
6712502
3850195
1876996
1395777
8078499
9452364
4754511
5472045
4233280
9903465
4189646
286905
7012102
6567436
1640374
3585300
7556795
5968220
7638053
1294957
5315961
1715805
5769031
1774592
1333116
7486679
6982010
8910878
4489035
230844
9266689
1999284
846866
4126978
4892446
3413067
3775538
9357990
2091053
592565
4983759
9105393
5485580
369683
3996479
1143711
2712614
8107135
5757392
7276542
2711241
3289566
9841068
5001073
5616569
4651556
989543
2995940
9748585
9139988
7559230
7878285
5589188
7568451
6921558
5850228
3322336
4954938
9494920
9314874
234871
3923172
2297759
9896643
3516196
11039
607456
1536841
9959271
6506090
846633
4913464
4805638
9191957
4960733
9020080
47985
198776
2924827
679472
5716294
7931707
7647471
9956552
1720556
8270367
8563294
8414401
6313361
4011112
2226173
2625250
5241589
9321497
177436
7935577
9240730
9586963
7147391
5737277
3141561
9552042
7071907
5820495
1050163
7687992
3971574
9291378
9328697
5673014
8459290
4203768
9708571
8420223
7172527
2856244
6010498
7573461
9443214
2450599
5866800
6355068
8572090
6695461
4943094
703118
1394713
7957367
5658599
8056682
7591162
2447418
9662314
8196182
8803183
3563118
6349475
2794470
6511615
9954211
2907560
7293212
5007240
9375328
4486810
4542936
5434428
7284451
3170730
351409
5044747
7532724
8213761
9141380
9458786
2410497
6491774