695887
370491
958697
857280
703128
173669
534728
112825
393050
767384
396850
125921
269485
584142
986806
482015
370267
869899
242386
100634
238114
447476
689807
954424
293632
250994
836639
421477
923007
773079
277353
612194
574368
433651
290205
419511
968321
557722
353844
803734
303801
798524
814725
806940
593352
642533
509143
901548
86201
464445
911704
59735
409091
434142
260772
702993
479109
827933
831264
127255
692173
382281
115315
815765
837
844926
767240
151513
946704
347272
485257
563869
272923
997554
508630
805422
912751
199605
964409
713367
616719
678470
122982
361180
550121
901917
45754
910378
96656
110091
311764
954590
565089
490910
524841
875171
574857
483829
30531
676909