941248
863235
422737
878022
491361
107290
741578
551055
66810
378560
307818
540824
710333
417028
359052
316597
132714
650117
77158
357518
267206
771362
451283
197981
106502
161511
725933
454052
935900
248587
710396
355326
136457
75345
716767
884696
56535
129495
884924
584071
675445
534142
536825
862677
387056
337761
626891
286892
475848
366793
941227
217437
83092
563828
583195
825589
316198
546630
776031
376392
566517
32749
840511
422881
413977
118078
528013
680332
19429
236503
60926
957601
747597
296691
152214
643612
209144
399141
792658
361420
436324
960683
381886
412405
269306
131337
827459
618323
204491
546715
3193
417821
311071
641210
135770
67921
439218
153612
718582
53062
3368692
9629641
8304718
2749874
8106241
8907140
2058391
5654822
9166286
731876
9889444
8797212
7988052
8994434
9060025
3298482
738537
7210323
5759419
1342281
3130034
5756887
7503448
4401840
7816100
5791568
1557239
1404688
1316646
8164220
6005304
667476
8872738
2528532
9969444
4339766
2379636
3607249
4117533
577603
465950
8895482
1965802
3175020
2038958
7663581
4113031
7633162
1992531
7009439
188037
3287790
9125150
2340592
2434822
1182780
8995369
3947528
635768
3917734
6969417
2344161
7520163
4205566
63880
2946556
3445484
8538098
9547460
134083
6538245
2839506
4936688
4734117
4475425
8442679
3294284
682506
8692575
7433294
3516335
2120021
4540281
429895
7225968
3201453
3279544
5235804
8211994
8048173
2331175
3833488
9162416
5552223
9905890
6705955
7345289
7886099
6431083
4410174
5413565
8312825
2622946
8540512
5823818
6412958
6342377
315012
7809258
3015409
9011043
2776191
3437985
4705538
3788034
4790021
482424
794256
4917831
1513916
6384344
9131307
4169411
826966
9190832
7000204
4752225
1044931
408458
9772554
2133551
9147843
800004
262456
7703079
9063617
7798453
7935924
5997701
741594
7118223
6164861
4470453
9257844
9119580
847551
9556132
9283736
8546094
4224538
1622088
9815632
2193764
5032546
2844458
8455014
9138563
4166384
185872
136511
5405397
7097260
1697411
6715070
417971
4266028
9977549
4074986
6042619
2561944
4466146
6641652
5971222
4250132
7010739
5626395
9627436
807542
1988416
5678381
3473776
3599405
1774854
5076641
6713800
7067511
5008554
7041642
8523572
2413074
5683716
870692
318428
3288687
8003653
8775663
4563331
888811
4597244
7366304
3511961
4955022
9249635
1287942
8609686
5625202
300307
3427037
5316705
8497099
1644033
2064457
8941528
5251470
3517119
9722178
4199900
7658936
342730
2994179
457430
4967417
5082231
6276801
8772934
85144
7818247
1231701
8971647
4753245
6084362
4656428
8532713
8417189
6633123
2780451
6177809
6002259
5810245
291073
1075080
1365210
7399697
8720497
2977763
5480229
1449921
4691750
390222
193739
8413665
9203362
4696028
6710634
6549885
2258336
7240133
5387238
4463748
8749144
6074531
6162920
719087
7266183
756115
4971804
9728185
1160231
66558
4715461
8815270
1715144
1173042
8860978
8431628
4856655
8212731
5233478
6112015
1141363
5066180
9124283
1075935
2902551
1082682
953672
534906
226890
1081470
7369687
8105444
9658942
6869738
2023865
185100
9998646
9584677
5308976
4287295
8091503