60429
26934
12593
1955
78787
84576
69155
74824
45296
58518
22199
47092
74215
6415
61416
29844
19632
46581
9986
25289
12474
74442
60822
31589
65149
95205
14016
95684
45798
60109
78450
84909
40725
7924
540
23364
1188
20743
25067
49363
89056
81800
61458
23962
25305
65613
44332
98453
76413
53260
52144
10746
96947
1898
73208
77621
75141
91773
16463
33796
80008
78219
27693
51380
78005
45565
85516
9434
31550
47624
28358
31109
60063
59586
38318
34013
95817
63690
13858
9466
80130
40900
28893
1099
14494
54161
73112
15439
87007
40163
50549
89746
16192
91303
45843
51121
60779
18223
10786
92141
64921
62033
91343
25341
10291
8634
37587
2581
90026
75089
78576
80129
82456
75724
42650
51851
63653
59129
24808
57600
27157
2826
21377
33985
80253
62613
60031
17832
59515
84157
15827
70094
64750
83147
11532
65628
51957
80227
2408
1757
38238
93959
77059
15190
25722
45190
39171
52072
66103
99121
81354
39466
50844
55200
63254
11733
49018
76877
60615
23252
13948
50483
35174
97974
83266
79538
69338
28522
17042
71331
67922
24813
11371
63983
25714
6152
98039
70322
64459
36430
61391
44758
62243
75437
93056
64945
8655
35300
84758
88293
69259
42975
98683
78345
62036
4404
1241
41596
91897
66212
72306
95856
74955
1897
66423
56043
84450
28576
27098
38782
33185
28799
74541
94984
73986
3666
3657
15761
37071
70057
68735
58010
86863
95467
99972
22587
23295
4211
99334
59904
85840
57868
42518
99505
80275
18873
57538
73922
95170
669
98631
50
87650
95371
97417
880
8650
30744
37257
70918
84532
96090
59
64762
82684
33857
84206
38585
55764
7903
49521
37688
18945
56163
37990
64979
77155
34843
98733
1386
27624
76745
64280
78658
82546
34295
75756
71370
42970
61671
62057
30854
54942
82445
76201
38751
49008
41505
32645
97784
88346
99942
70700
57885
62413
24793
42209
25759
47263
97815
9085
85544
11040
68313
94082
67897
62475
67389
89592
88394
81523
78578
5882
94988
14175
8599
78412
47273
62683
42129
56069
27012
31571
45564
95956
13336
13726
74861
91828
10309
6923
95037
81749
62813
69096
97142
17448
4947
77143
53269
11645
8214
5338
24135
47491
16116
75627
73290
79078
22652
94706
28026
52593
91694
50088
11450
93879
44041
57033
49328
40065
6557
13010
52665
12725
36528
27769
14258
79853
19734
34272
41144
72207
88837
44002
35526
92949
66912
88251
38599
62703
77
727
44862
77451
59518
69833
72180
26225
96519
72384
26898
28514
77904
56730
88646
68991
58439
53008
34351
36868
20930
95239
65063
36084
93343
78303
21997
75253
19133
63737
82766
77623
19890
40949
43035
46009
68193
85064
75066
33752
52324
47375
14685
89166
76534
96621
65514
64153
77670
9895
29691
4706
52980
4224
87034
13951
67309
4597
37730
79531
31619
23457
23144
84425
40716
61926
51054
27180
99187
81972
19940
80078
76199
96730
60715
12534
60340
37425
8655
35165
70889
79316
95446
86480
32338
53629
90620
58640
72801
18306
95088
6721
73705
98330
88444
91983
30429
17431
15077
74989
35746
14983
52951
44573
91109
81690
79505
97284
73057
98512
59774
61433
32898
99191
66065
8139
40994
90099
4446
54349
72246
98701
24138
1386
94930
96484
41306
30442
71670
53703
50843
25099
93984
94293
8296
42053
87993
96965
83731
57379
11382
5714
25385
39863
73300
60535
64581
56166
72706
11067
27380
40282
23814
35542
1136
30469
75434
4772
8464
73781
76254
68218
29660
53221
73172
37126
77418
89394
16028
81925
44576
48623
32803
79739
39465
24946
55817
81639
78664
36295
345
95241
20462
63282
25421
91996
51503
46303
61059
36910
31874
51111
79995
94005
99734
82907
86213
89434
71400
45761
73424
49167
35772
5138
49453
75152
64564
94510
96521
8534
79677
40477
26414
51881
1223
97682
75184
75857
60523
64586
14343
32633
66903
58367
78446
38758
72633
7100
47386
67276
67043
84102
19183
99197
63428
48172
56024
40206
62891
71422
54552
26076
15580
49371
84059
29858
27652
32527
606
62477
36036
1959
54085
12074
81430
27765
49803
17362
779
42208
93695
70802
64563
16156
22200
1276
30971
6393
23094
32969
36053
77974
88614
54382
80576
29982
20939
40079
97715
40576
42127
68462
92888
14385
62830
59495
30717
31811
79754
45242
19473
71663
36874
34607
28479
38935
69821
70832
27513
29178
53213
18477
49977
32910
19381
98274
53485
95215
34908
23579
69131
89955
97101
42303
36373
47527
26014
93700
20469
8721
15031
68056
44999
7018
61476
87484
49498
48547
83906
84506
39827
59274
91978
15715
80201
35938
81411
51017
74124
67865
79331
91498
19674
41471
30268
97449
70166
56978
88122
16405
8249
36908
45122
78090
2047
85233
5928
63771
80534
3481
18832
81395
19855
50778
30667
64502
99141
21653
8006
57391
95612
19033
47559
4203
46677
83293
12650
7686
65784
83135
55494
72992
3817
50672
2695
21714
7658
69627
26897
35528
41824
6449
57760
46974
12214
11482
77960
90634
43573
26125
9017
70760
9125
66561
9415
78730
11414
96341
84996
62848
39228
32084
2246
96253
36735
52915
70594
64973
31108
70893
12194
87916
69623
60389
82006
12527
27810
17390
89056
28703
88289
16987
68463
83928
92803
53694
79181
20144
72604
50118
93685
88899
99969
57186
18882
63259
12070
15991
22886
96499
41391
2475
66633
68233
85609
59522
84473
19967
40679
27592
5958
15633
42028
78661
43616
93318
56926
63556
11216
23562
72543
94731
35960
11320
85891
68006
44266
10998
55289
81269
85808
13954
8511
43531
57719
6943
41063
84949
5855
69316
55327
99549
95696
66240
29942
2341
83559
32635
49489
13270
71317
4767
20377
19618
40116
60782
81273
30133
21196
43515
57069
27076
5075
57323
28117
44258
60583
14861
25558
34252
34124
91818
72371
39070
22541
47404
42946
82981
33036
56093
12478
41490
41710
93485
12749
70335
77121
6148
95262
49707
23667
46589
11505
40467
96295
10549
5440
17742
40153
21688
32761
83354
47727
51380
11731
81743
67460
55369
60167
23660
1375
14056
67528
68723
88455
78391
94627
1543
63985
44925
80389
10620
67761
18814
71559
39361
7255
65313
62932
99995
54083
4255
83507
21232
57159
95618
11127
79088
41267
62680
60979
89133
24902
28312
43028
68386
3112
72094
59336
5210
96779
84320
41054
20786
64481
19922
18019
54978
5897
6825
60602
72438
9002
22990
76765
33817
55083
76627
83434

