572657
271061
905397
333852
11481
145905
424155
596906
972248
693438
751609
470839
353593
820340
769213
87353
95092
357015
171109
208941
512351
611844
800917
333545
992811
945334
532050
388712
756892
252608
230998
958956
679205
753846
194057
37280
101026
340703
786937
552630
430542
656064
101780
559250
571168
345969
175984
692048
743926
327631
536992
913031
8446
836150
451269
251421
801807
313749
63421
164594
521374
435087
357298
309210
858073
576906
299490
840586
972629
938279
264388
712417
263958
313129
995616
854035
776809
888498
626640
859748
81024
300663
951089
573017
245470
327100
906638
314851
512725
749696
144806
356174
697156
145361
385309
846263
896813
407475
603408
957203