686792
577793
550724
7196
267374
714414
921892
856065
373361
530708
867362
230355
349960
109113
350055
189487
72527
770237
551220
457755
563321
546409
224045
969405
732536
334667
213713
655826
896304
5060
871981
537724
595591
571805
493542
913414
472662
463203
862617
81235
880815
874250
109455
774454
527772
796151
487077
319783
422151
716691
228184
633318
834906
13529
701248
146353
354291
371553
74598
79270
505857
263387
354981
38735
474144
978302
933147
462457
629187
682801
327840
400731
320605
901411
21854
268243
787965
585239
955577
89659
142816
729708
981316
571512
329973
863499
777642
700585
471629
991669
351911
454677
896053
34451
632446
466406
874001
568425
158679
995808
2128177
7036752
2047156
1939416
2406441
8655090
2941499
4728773
1425249
7376498
291280
4578045
9109956
1762964
1386482
1895946
5132353
4738404
2757228
1571200
1152372
7889629
214220
4249807
8444642
5879090
2364222
4250499
6917769
2120220
8297242
4570141
8183793
6017250
2782242
3958320
7928111
570399
747104
6992658
2825605
1549426
3380204
3126285
2940384
5448246
3042977
2822744
3822012
6473538
8021158
2749956
31601
3053257
220630
7826562
6870182
4879253
6843545
3279968
919706
1116237
4475304
8289208
2900600
9479323
2399450
5859384
4632178
2222701
1332226
7432284
4956214
7161030
884698
4090324
7686166
4679606
6934071
2224135
4120081
1723565
6098248
6711227
5179981
5902922
6229060
4767965
5415580
4469560
8142524
8980415
1304686
3746722
8169921
2370724
559401
3989153
6544875
5406926
3054768
3917683
9553534
4665722
7667348
3702421
6639
820623
3002508
4067653
1661816
5064089
9106387
1018460
6601362
9531174
8159899
9184914
5305591
1502992
5825808
3626651
7068477
1689867
7148249
5982056
8698620
7455050
5065663
8595064
1511279
2565276
874456
2833551
9545134
6203462
7501758
9748505
9434671
9294108
7596810
4020568
676407
6017744
278068
1313914
2659325
1103249
815353
9352938
5433245
5086716
6541460
8227104
3008574
246489
4603329
9820405
9996259
3771297
6572123
2843772
3074727
4635191
5943909
401920
5482721
1881007
6777676
6357930
5181143
9696370
112343
1464205
7783502
6209575
2939361
3565312
6909404
8714165
4809997
5326236
1965282
5912973
120854
5691211
1755404
9769682
5495418
2195592
8909813
7962828
8688010
7867502
7467858
3879006
3047194
9294072
6380596
8459571
28151
131195
4389155
4252720
8530189
8435771
8884935
9520630
4557496
468403
7065982
9434979
9931638
1051135
5704102
3708218
1103502
222483
4650838
6281917
5449487
2052508
1922376
2080342
8029371
2919257
11337
1843092
7139762
4457120
9588211
5524367
1294842
8960325
4782937
329076
9565528
6481094
3075592
5366008
7713896
8488098
5026134
3348446
3463917
5875777
7449915
9914372
5997472
9064088
6990171
3269539
1500139
1651549
814993
9294851
5681218
1058209
1111943
396994
2335257
6340761
7473518
8752320
181674
8207098
1354188
1842085
2312266
2879421
6282151
3232639
6719478
4966313
6414039
5001039
9775050
607076
5021094
5781285
4246890
4640008
2851662
5777833
3560113
1283204
278548
6568753
6312428
7491951
6898183
9375314
2596301
5599867
8189648
1676248
477466
8248107
1904738
9334954
2949015
8008249
6464952
8907370
310191
8317601
4281828
1996102
4310474
5301382
8876791
3486952
1965160
1481589
9576239
1327306
3778257
5376029
496760
1147239
5889833
4752385
5104627
2578714
3235830
449590
2909136
3769699
8571593
7993962
8667712
1983541
3421639
8992445
8881584
539239
9077903
479301
3943715
2510721
856288
6810156
8840625
1694427
9159197
9542443
2251617
6422280
1345974
1485147
3071132
3183191
4611718
1089924
2952886
7529891
5722748
5024959
7903381
8080677
3270771
7787629
6777785
6741122
8595142
9338985
9985326
5338397
208850
3866502
1538220
6358541
7083965
5590463
7491797
9787474
4039643
2119075
4755726
5901933
4339749
4648855
4610858
2548436
2136930
3630658
1594165
8418388
3838122
7562723
7397128
6710653
7114875
9568454
9423923
412732
7798664
1010202
1570671
6374716