279275
139170
614761
126725
783533
743208
190477
863527
861279
448876
290643
458414
568391
483801
246712
780485
572219
993298
304719
151790
228572
92238
812417
957873
802317
866180
172181
147573
90171
790091
526869
424861
617919
313536
884383
779368
677041
946744
536033
417164
170809
724946
640467
648103
999107
637341
117882
998186
588852
804814
351605
815232
509301
455645
49512
566882
40178
799201
1135
626782
186646
956719
707625
695834
834694
802018
777151
769355
932743
712388
704708
29801
152233
405193
247531
329032
602376
148452
897448
604123
927997
514034
159084
707621
533654
304350
765142
782895
533292
148006
732040
631494
402906
329826
838774
578110
627000
484201
817921
99585
4333648
4726193
9649260
1709129
1246900
9408697
1340399
952283
4676780
3154960
8987256
5621444
6017305
2629912
4020290
7304179
1824001
7697004
1779352
3553526
8591323
5083692
9030601
4170798
8792805
4412732
6224022
4003295
9207852
3548569
7485864
5693513
5285310
7193227
5656529
4359131
5638537
1262222
9929095
7911903
8634735
2664167
6029355
2514970
5439253
4331900
7753073
1760457
5760170
6449048
4709970
1464377
6634868
509399
7447585
4400216
6202464
1874316
228930
1004262
3735543
7584374
4980280
579667
7389906
111426
6787170
8215990
1189539
3614226
2784176
5259077
423066
5422085
5563147
5606405
8387919
7053928
1669463
6034864
8056347
8238466
1328115
7220913
4910419
3447818
6675094
9604652
1904006
6705262
7435084
7404545
9791885
2329845
4661677
204089
8167853
9215393
6171476
5246331
9003025
418492
453983
654852
1424638
9112462
4557950
5421143
3758601
2944785
7309156
1427475
153072
2583448
7113657
2508434
9558705
6316853
9209383
5829533
8695059
5496131
9499923
2761717
6894854
8469084
8489123
1411079
409947
6747129
9139111
5339261
9901798
8698761
3319808
3893460
5973019
6428984
6540230
8178175
6168694
1894720
5993299
7867577
6929635
2715415
7523458
4492846
9878958
2462695
8975403
2420851
4622816
1151152
9129495
1667636
7729571
194179
8099996
6357588
7935749
3518419
7624882
5802955
7010923
6056849
165448
6664830
5798393
7217101
9935514
4408372
7009591
8668474
1879527
1639373
9891393
1393755
8954082
182801
9053636
7672338
6634910
3718104
1185665
5315612
4358253
4382506
8046607
6015971
7743588
5301776
6098426
6342329
965470
4665271
5840540
380836
3775912
6428340
9054752
4047836
8574056
5586916
6398432
8938098
6857501
5895954
7402177
5297577
1963147
1001756
9712084
3027438
7284524
1045332
4108900
6526911
8689987
5646161
3787302
8959909
4463726
4155381
8385088
907253
8300874
6387435
613814
8273644
274799
9521479
1601052
5798968
676786
1619184
345622
2751877
438881
7088925
7417803
9836089
1611923
7475943
4665176
2286735
43524
5576029
9412866
6253363
5199100
742836
3495320
9241261
7381612
1039523
7011101
3095161
7156575
9088512
6681081
7499206
4672570
782446
3121970
1946911
9233532
1311886
1535648
8627885
1186542
3777973
4123948
4073511
2988020
894006
6582930
6602758
2374724
931103
5312862
5658093
865871
6087888
5017920
8180192
4056531
2086655
6678552
9922854
2011898
8506683
7728316
7778378
545139
9497860
9219750
4548178
4185098
528228